67
1 5 7 17 37 41 56
2 5 4 9 26 27 32
3 3 5 12 19
4 3 2 14 26
5 4 3 12 23 54
6 3 30 38 46
7 6 1 9 10 17 37 41
8 7 10 11 13 14 17 25 26
9 10 2 7 10 20 21 24 26 27 41 59
10 7 7 8 9 17 26 37 41
11 7 8 17 22 25 45 53 64
12 7 3 5 15 19 23 35 48
13 5 8 14 25 33 40
14 4 4 8 13 26
15 6 12 23 31 35 54 63
16 4 31 54 55 63
17 7 1 7 8 10 11 37 53
18 1 29
19 4 3 12 34 48
20 7 9 21 24 41 58 61 65
21 5 9 20 27 59 65
22 5 11 25 47 51 64
23 5 5 12 15 35 54
24 9 9 20 39 41 49 56 57 61 66
25 7 8 11 13 22 38 40 47
26 6 2 4 8 9 10 14
27 5 2 9 21 32 59
28 2 36 51
29 2 18 55
30 5 6 38 40 46 52
31 4 15 16 54 63
32 2 2 27
33 4 13 40 43 52
34 4 19 43 46 48
35 4 12 15 23 48
36 4 28 45 51 64
37 4 1 7 10 17
38 6 6 25 30 40 47 51
39 8 24 42 49 50 57 58 60 61
40 6 13 25 30 33 38 52
41 7 1 7 9 10 20 24 56
42 4 39 50 58 61
43 4 33 34 46 52
44 3 50 60 62
45 4 11 36 53 64
46 5 6 30 34 43 52
47 4 22 25 38 51
48 4 12 19 34 35
49 5 24 39 57 60 61
50 5 39 42 44 60 62
51 6 22 28 36 38 47 64
52 5 30 33 40 43 46
53 3 11 17 45
54 5 5 15 16 23 31
55 2 16 29
56 4 1 24 41 66
57 5 24 39 49 61 66
58 6 20 39 42 61 65 67
59 5 9 21 27 65 67
60 4 39 44 49 50
61 7 20 24 39 42 49 57 58
62 2 44 50
63 3 15 16 31
64 5 11 22 36 45 51
65 5 20 21 58 59 67
66 3 24 56 57
67 3 58 59 65
